jingle_fi.bin
100 20
0 0 0 0 0 0 0 0 0 0 0 0 0 0 0 0 0 0 0 0 0 0 0 0 0 1 1 1 1 2 4 6 8 10 15 14 17 22 31 37 51 59 73 66 76 101 115 131 109 105 132 96 106 99 69 57 61 45 65 37 52 29 34 28 21 14 9 12 5 9 5 4 2 1 0 0 0 0 0 0 0 0 0 0 0 0 0 0 0 0 0 0 0 0 0 0 0 0 0 0 
0 0 0 0 0 0 0 0 0 0 0 0 0 0 0 0 0 0 0 0 0 0 0 0 0 0 0 0 0 0 0 1 3 4 12 16 23 32 28 51 46 68 80 86 88 83 89 102 94 87 85 85 88 86 93 105 101 85 74 68 53 38 23 19 16 10 15 3 3 1 2 2 0 0 0 0 0 0 0 0 0 0 0 0 0 0 0 0 0 0 0 0 0 0 0 0 0 0 0 0 
0 0 0 0 0 0 0 0 0 0 0 0 0 0 0 0 0 0 0 0 0 0 0 0 0 0 0 0 0 2 1 3 4 3 10 10 18 15 17 31 41 57 75 79 98 117 127 113 137 114 128 101 103 87 77 78 62 70 58 60 45 34 26 17 12 2 3 4 2 4 2 1 0 0 0 0 0 0 0 0 0 0 0 0 0 0 0 0 0 0 0 0 0 0 0 0 0 0 0 0 
0 0 0 0 0 0 0 0 0 0 0 0 0 0 0 0 0 0 0 0 0 0 0 0 0 0 0 0 0 0 1 0 1 0 7 3 8 11 13 26 35 57 54 60 87 109 98 127 106 133 143 158 138 150 124 75 88 69 50 38 29 17 15 9 6 1 0 1 1 0 0 0 0 0 0 0 0 0 0 0 0 0 0 0 0 0 0 0 0 0 0 0 0 0 0 0 0 0 0 0 
0 0 0 0 0 0 0 0 0 0 0 0 0 0 0 0 0 0 0 0 0 0 0 0 0 0 0 0 0 0 0 1 0 3 0 6 17 10 27 30 43 52 69 75 84 94 133 126 111 154 141 140 114 135 91 87 79 53 49 42 24 19 16 7 9 3 1 2 1 0 0 0 0 0 0 0 0 0 0 0 0 0 0 0 0 0 0 0 0 0 0 0 0 0 0 0 0 0 0 0 
0 0 0 0 0 0 0 0 0 0 0 0 0 0 0 0 0 0 0 0 0 0 0 0 0 0 0 0 0 0 0 1 4 4 4 8 13 17 31 40 54 58 74 75 105 89 80 76 92 112 122 131 126 134 118 103 77 50 60 46 46 32 19 16 11 8 7 2 2 1 0 0 0 0 0 0 0 0 0 0 0 0 0 0 0 0 0 0 0 0 0 0 0 0 0 0 0 0 0 0 
0 0 0 0 0 0 0 0 0 0 0 0 0 0 0 0 0 0 0 0 0 0 0 1 0 0 1 2 1 1 2 4 1 6 9 11 14 23 22 43 38 54 57 55 74 99 88 96 123 111 129 113 115 135 115 126 94 82 56 50 35 23 15 5 8 3 5 2 0 1 0 0 0 0 0 0 0 0 0 0 0 0 0 0 0 0 0 0 0 0 0 0 0 0 0 0 0 0 0 0 
0 0 0 0 0 0 0 0 0 0 0 0 0 0 0 0 0 0 0 0 0 0 0 0 0 0 0 0 1 0 2 2 6 8 20 12 19 24 40 43 61 63 52 81 84 85 93 105 96 98 117 121 95 95 96 88 87 80 80 58 29 42 29 15 13 3 4 0 1 0 0 0 0 0 0 0 0 0 0 0 0 0 0 0 0 0 0 0 0 0 0 0 0 0 0 0 0 0 0 0 
0 0 0 0 0 0 0 0 0 0 0 0 0 0 0 0 0 0 0 0 0 0 0 0 0 0 0 0 0 0 0 3 12 5 13 18 23 27 41 40 51 61 68 58 66 66 94 95 93 98 106 83 136 124 101 88 92 75 65 60 56 42 27 22 18 11 8 2 0 0 0 0 0 0 0 0 0 0 0 0 0 0 0 0 0 0 0 0 0 0 0 0 0 0 0 0 0 0 0 0 
0 0 0 0 0 0 0 0 0 0 0 0 0 0 0 0 0 0 0 0 0 0 0 0 0 0 0 0 0 0 0 0 1 0 0 2 6 7 18 19 31 44 66 66 95 125 147 146 137 156 122 123 137 117 110 78 60 68 49 39 30 14 18 11 4 2 0 0 0 0 0 0 0 0 0 0 0 0 0 0 0 0 0 0 0 0 0 0 0 0 0 0 0 0 0 0 0 0 0 0 
0 0 0 0 0 0 0 0 0 0 0 0 0 0 0 0 0 0 0 0 0 0 0 0 0 0 0 0 0 0 0 0 0 0 1 1 2 10 21 36 47 54 77 85 96 103 100 130 116 137 135 121 112 132 102 77 85 59 52 54 28 26 13 11 12 8 4 0 1 0 0 0 0 0 0 0 0 0 0 0 0 0 0 0 0 0 0 0 0 0 0 0 0 0 0 0 0 0 0 0 
0 0 0 0 0 0 0 0 0 0 0 0 0 0 0 0 0 0 0 0 0 0 0 0 0 0 0 0 0 0 0 0 0 0 0 0 3 9 16 19 47 50 74 82 102 115 122 110 135 134 131 138 129 121 105 90 69 47 49 37 30 25 20 14 11 8 3 3 0 0 0 0 0 0 0 0 0 0 0 0 0 0 0 0 0 0 0 0 0 0 0 0 0 0 0 0 0 0 0 0 
0 0 0 0 0 0 0 0 0 0 0 0 0 0 0 0 0 0 0 0 0 0 0 0 0 0 0 0 0 0 0 0 0 0 0 0 5 8 14 24 29 53 65 79 101 113 127 149 134 145 150 146 118 107 114 95 73 55 41 27 26 21 12 8 4 3 2 0 0 0 0 0 0 0 0 0 0 0 0 0 0 0 0 0 0 0 0 0 0 0 0 0 0 0 0 0 0 0 0 0 
0 0 0 0 0 0 0 0 0 0 0 0 0 0 0 0 0 0 0 0 0 0 0 0 0 0 0 0 0 0 0 0 0 2 3 5 10 9 11 35 50 63 66 87 85 89 106 116 116 134 118 126 115 129 125 100 95 63 51 30 30 22 18 18 10 3 3 4 0 1 0 0 0 0 0 0 0 0 0 0 0 0 0 0 0 0 0 0 0 0 0 0 0 0 0 0 0 0 0 0 
0 0 0 0 0 0 0 0 0 0 0 0 0 0 0 0 0 0 0 0 0 0 0 0 0 0 0 0 0 0 0 0 0 1 5 3 6 9 14 27 59 64 57 96 117 121 131 111 131 120 102 116 90 84 85 82 86 73 72 41 41 30 30 17 7 10 6 2 0 0 1 1 0 0 0 0 0 0 0 0 0 0 0 0 0 0 0 0 0 0 0 0 0 0 0 0 0 0 0 0 
0 0 0 0 0 0 0 0 0 0 0 0 0 0 0 0 0 0 0 0 0 0 0 0 0 0 0 0 0 0 0 0 0 0 4 2 5 15 32 44 55 58 85 101 125 100 120 116 107 125 106 99 91 91 68 60 80 73 65 73 43 38 25 15 12 7 5 2 1 0 0 0 0 0 0 0 0 0 0 0 0 0 0 0 0 0 0 0 0 0 0 0 0 0 0 0 0 0 0 0 
0 0 0 0 0 0 0 0 0 0 0 0 0 0 0 0 0 0 0 0 0 0 0 0 0 0 0 0 0 0 0 0 0 1 2 6 8 12 29 41 49 55 66 81 86 108 105 127 139 123 134 125 116 99 86 56 62 55 55 35 50 26 29 25 22 11 9 8 4 0 0 2 1 0 0 0 0 0 0 0 0 0 0 0 0 0 0 0 0 0 0 0 0 0 0 0 0 0 0 0 
0 0 0 0 0 0 0 0 0 0 0 0 0 0 0 0 0 0 0 0 0 0 0 0 0 0 0 0 0 0 0 0 0 0 0 0 2 8 19 22 35 69 66 91 87 129 116 127 184 177 154 126 120 85 57 51 48 35 35 22 27 45 26 29 16 14 9 12 3 0 2 0 0 0 0 0 0 0 0 0 0 0 0 0 0 0 0 0 0 0 0 0 0 0 0 0 0 0 0 0 
0 0 0 0 0 0 0 0 0 0 0 0 0 0 0 0 0 0 0 0 0 0 0 0 0 0 0 0 0 0 0 0 0 0 0 4 6 14 20 45 40 61 51 61 75 89 117 132 148 181 176 155 133 115 73 61 49 31 30 30 16 21 32 21 10 17 19 6 6 2 1 0 0 0 0 0 0 0 0 0 0 0 0 0 0 0 0 0 0 0 0 0 0 0 0 0 0 0 0 0 

