jingle_fi.bin
50 20 
0 0 0 0 0 0 0 0 0 0 0 0 1 2 3 10 18 29 39 68 110 139 177 246 214 228 205 126 106 102 81 62 35 21 14 9 3 0 0 0 0 0 0 0 0 0 0 0 0 0 
0 0 0 0 0 0 0 0 0 0 0 0 0 0 0 1 7 28 55 79 114 166 171 191 181 170 174 198 186 142 91 42 26 18 4 4 0 0 0 0 0 0 0 0 0 0 0 0 0 0 
0 0 0 0 0 0 0 0 0 0 0 0 0 0 2 4 7 20 33 48 98 154 215 240 251 229 190 155 132 118 79 43 14 7 6 3 0 0 0 0 0 0 0 0 0 0 0 0 0 0 
0 0 0 0 0 0 0 0 0 0 0 0 0 0 0 1 1 10 19 39 92 114 196 225 239 301 288 199 157 88 46 24 7 1 1 0 0 0 0 0 0 0 0 0 0 0 0 0 0 0 
0 0 0 0 0 0 0 0 0 0 0 0 0 0 0 1 3 6 27 57 95 144 178 259 265 281 249 178 132 91 43 23 12 3 1 0 0 0 0 0 0 0 0 0 0 0 0 0 0 0 
0 0 0 0 0 0 0 0 0 0 0 0 0 0 0 1 8 12 30 71 112 149 194 156 204 253 260 221 127 106 78 35 19 9 3 0 0 0 0 0 0 0 0 0 0 0 0 0 0 0 
0 0 0 0 0 0 0 0 0 0 0 1 0 3 2 6 7 20 37 65 92 112 173 184 234 242 250 241 176 106 58 20 11 7 1 0 0 0 0 0 0 0 0 0 0 0 0 0 0 0 
0 0 0 0 0 0 0 0 0 0 0 0 0 0 1 4 14 32 43 83 124 133 169 198 194 238 190 184 167 138 71 44 16 4 1 0 0 0 0 0 0 0 0 0 0 0 0 0 0 0 
0 0 0 0 0 0 0 0 0 0 0 0 0 0 0 3 17 31 50 81 112 126 132 189 191 189 260 189 167 125 98 49 29 10 0 0 0 0 0 0 0 0 0 0 0 0 0 0 0 0 
0 0 0 0 0 0 0 0 0 0 0 0 0 0 0 0 1 2 13 37 75 132 220 293 293 245 254 188 128 88 44 29 6 0 0 0 0 0 0 0 0 0 0 0 0 0 0 0 0 0 
0 0 0 0 0 0 0 0 0 0 0 0 0 0 0 0 0 2 12 57 101 162 199 230 253 256 244 179 144 106 54 24 20 4 1 0 0 0 0 0 0 0 0 0 0 0 0 0 0 0 
0 0 0 0 0 0 0 0 0 0 0 0 0 0 0 0 0 0 12 35 97 156 217 232 269 269 250 195 116 86 55 34 19 6 0 0 0 0 0 0 0 0 0 0 0 0 0 0 0 0 
0 0 0 0 0 0 0 0 0 0 0 0 0 0 0 0 0 0 13 38 82 144 214 276 279 296 225 209 128 68 47 20 7 2 0 0 0 0 0 0 0 0 0 0 0 0 0 0 0 0 
0 0 0 0 0 0 0 0 0 0 0 0 0 0 0 0 2 8 19 46 113 153 174 222 250 244 244 225 158 81 52 36 13 7 1 0 0 0 0 0 0 0 0 0 0 0 0 0 0 0 
0 0 0 0 0 0 0 0 0 0 0 0 0 0 0 0 1 8 15 41 123 153 238 242 251 218 174 167 159 113 71 47 17 8 0 2 0 0 0 0 0 0 0 0 0 0 0 0 0 0 
0 0 0 0 0 0 0 0 0 0 0 0 0 0 0 0 0 6 20 76 113 186 225 236 232 205 182 128 153 138 81 40 19 7 1 0 0 0 0 0 0 0 0 0 0 0 0 0 0 0 
0 0 0 0 0 0 0 0 0 0 0 0 0 0 0 0 1 8 20 70 104 147 194 232 262 259 215 142 117 90 76 54 33 17 4 2 1 0 0 0 0 0 0 0 0 0 0 0 0 0 
0 0 0 0 0 0 0 0 0 0 0 0 0 0 0 0 0 0 10 41 104 157 216 243 361 280 205 108 83 57 72 55 30 21 3 2 0 0 0 0 0 0 0 0 0 0 0 0 0 0 
0 0 0 0 0 0 0 0 0 0 0 0 0 0 0 0 0 4 20 65 101 112 164 249 329 331 248 134 80 60 37 53 27 25 8 1 0 0 0 0 0 0 0 0 0 0 0 0 0 0 

